NL      PBL     CU      MP      LW      SW      SFC     LAND    SHCU    TOPO
global  1       1       3       1       1       1       1       0       0
1       1       1       1       1       1       1       1       0       1
2       1       2       4       3       3       1       4       0       0
3       4       3       3       4       4       4       1       0       0
5       7       5       5       5       5       7       7       0       0
6       8       6       6       4       4       2       1       0       0
7       8       14      7       7       7       1       2       0       0
8       9       7       8       5       5       2       3       0       0
9       6       1       9       3       3       5       3       0       0
10      4       2       10      1       2       4       7       0       0
12      8       3       16      4       4       1       2       0       0
13      9       7       13      1       1       2       3       2       0
14      4       6       3       3       3       4       3       0       0
15      5       14      2       5       5       1       7       0       0
16      10      14      4       5       5       10      7       0       0
17      2       2       4       3       3       2       2       0       0
19      1       1       4       1       2       1       5       0       0
20      12      1       4       1       2       1       2       0       0
25      1       1       1       1       1       11      1       0       1
26      2       1       1       1       1       3       1       0       0
29      9       3       4       1       2       1       5       2       0
30      2       93      4       1       1       2       1       2       0
31      7       2       14      3       3       7       1       0       0
